# java=17.0.16,filesystem=apfs,flags=[-XX:-UsePerfData, -Xms64m, -Xmx256m]
mode,rows,round,commits,insert_ns_per_row,allocated_bytes_per_row,wal_bytes,wal_reopen_ms,checkpoint_ms,snapshot_bytes,snapshot_reopen_ms
autocommit,100,1,100,4480297.1,20947.3,71795,15.618,19.060,1381,8.877
autocommit,100,2,100,4009340.8,20945.3,71795,20.499,19.657,1381,9.859
autocommit,100,3,100,3834762.9,20945.8,71795,3.106,18.575,1381,9.375
batch,100,1,1,48481.7,2415.2,1361,4.297,17.519,1381,9.387
batch,100,2,1,47901.7,2414.9,1361,0.757,18.967,1381,8.401
batch,100,3,1,30245.4,2412.6,1361,9.187,15.539,1381,9.384
autocommit,1000,1,1000,4426032.2,173586.9,6972995,113.512,19.002,13981,9.385
autocommit,1000,2,1000,4654895.4,173581.5,6972995,79.473,16.017,13981,9.210
autocommit,1000,3,1000,4034749.3,173570.7,6972995,60.601,17.587,13981,9.986
batch,1000,1,1,8144.3,5936.7,13961,0.776,20.084,13981,10.589
batch,1000,2,1,7900.3,5912.7,13961,0.809,18.453,13981,9.647
batch,1000,3,1,7716.2,5912.7,13961,0.730,20.621,13981,6.503
