# java=17.0.16,filesystem=apfs,flags=[-XX:-UsePerfData, -Xms64m, -Xmx256m]
mode,rows,round,commits,insert_ns_per_row,allocated_bytes_per_row,wal_bytes,wal_reopen_ms,checkpoint_ms,snapshot_bytes,snapshot_reopen_ms
autocommit,100,1,100,4241233.8,20947.3,71795,11.781,19.306,1381,8.568
autocommit,100,2,100,5363608.8,20945.3,71795,6.675,20.925,1381,10.306
autocommit,100,3,100,5125770.0,20945.8,71795,25.166,24.457,1381,11.436
batch,100,1,1,34662.9,2412.6,1361,5.909,24.168,1381,17.183
batch,100,2,1,36180.4,2414.9,1361,4.287,22.444,1381,10.453
batch,100,3,1,49282.9,2412.6,1361,9.667,19.076,1381,7.445
autocommit,1000,1,1000,4196161.8,173586.9,6972995,69.156,16.174,13981,8.192
autocommit,1000,2,1000,3950966.7,173581.5,6972995,83.330,18.614,13981,7.098
autocommit,1000,3,1000,4778213.3,173570.7,6972995,145.680,33.897,13981,10.296
batch,1000,1,1,7313.8,5936.7,13961,6.462,24.366,13981,9.998
batch,1000,2,1,9759.4,5936.7,13961,0.847,20.150,13981,12.112
batch,1000,3,1,7607.4,5912.7,13961,0.850,17.706,13981,8.424
