# java=17.0.16,filesystem=apfs,flags=[-XX:-UsePerfData, -Xms64m, -Xmx256m]
mode,rows,round,commits,insert_ns_per_row,allocated_bytes_per_row,wal_bytes,wal_reopen_ms,checkpoint_ms,snapshot_bytes,snapshot_reopen_ms
autocommit,100,1,100,3814465.8,20948.6,71795,19.014,20.765,1381,8.615
autocommit,100,2,100,3818352.1,20945.3,71795,16.858,16.270,1381,8.675
autocommit,100,3,100,3883273.3,20945.8,71795,9.754,15.753,1381,9.898
batch,100,1,1,49354.6,2412.6,1361,8.130,18.232,1381,9.475
batch,100,2,1,48854.6,2414.9,1361,6.659,15.139,1381,7.341
batch,100,3,1,40371.3,2412.6,1361,6.870,21.224,1381,10.581
autocommit,1000,1,1000,4302516.8,173586.9,6972995,88.749,17.838,13981,8.872
autocommit,1000,2,1000,4123568.4,173581.5,6972995,85.980,16.453,13981,7.580
autocommit,1000,3,1000,4314918.3,173570.7,6972995,80.638,19.112,13981,7.252
batch,1000,1,1,7853.1,5936.7,13961,0.748,16.504,13981,9.441
batch,1000,2,1,7949.8,5912.7,13961,0.717,17.539,13981,8.482
batch,1000,3,1,7767.0,5912.7,13961,0.723,17.641,13981,7.405
