# java=17.0.16,os=Mac OS X,arch=aarch64,flags=[-XX:-UsePerfData, -Xms64m, -Xmx256m]
workload,rows,round,operations,ns_per_op,allocated_bytes_per_op,gc_count_delta
insert,100,1,100,10434.2,4849.4,0
select_hit,100,1,300,5510.6,1776.0,0
select_miss,100,1,300,3071.5,1256.0,0
update_one,100,1,50,42980.0,8846.4,0
update_key_collision,100,1,20,11206.3,3536.0,0
delete_one,100,1,20,10437.5,2272.0,0
insert,100,2,100,16229.6,4849.4,0
select_hit,100,2,300,3339.3,1776.0,0
select_miss,100,2,300,2908.5,1256.0,0
update_one,100,2,50,12621.7,8846.4,0
update_key_collision,100,2,20,10825.0,3536.0,0
delete_one,100,2,20,4635.4,2272.0,0
insert,100,3,100,14224.2,4849.4,0
select_hit,100,3,300,5832.8,1776.0,0
select_miss,100,3,300,2687.4,1256.0,0
update_one,100,3,50,14576.7,8846.4,0
update_key_collision,100,3,20,9560.4,3536.0,0
delete_one,100,3,20,4256.3,2272.0,0
insert,100,4,100,6545.8,4849.4,0
select_hit,100,4,300,3191.3,1776.0,0
select_miss,100,4,300,2836.9,1256.0,0
update_one,100,4,50,10404.2,8846.4,0
update_key_collision,100,4,20,10635.5,3536.0,0
delete_one,100,4,20,3904.2,2272.0,0
insert,100,5,100,5024.2,4849.4,0
select_hit,100,5,300,2993.8,1776.0,0
select_miss,100,5,300,2525.0,1256.0,0
update_one,100,5,50,9979.2,8846.4,0
update_key_collision,100,5,20,8743.8,3536.0,0
delete_one,100,5,20,4068.8,2272.0,0
insert,1000,1,1000,10670.8,33689.5,1
select_hit,1000,1,300,9250.4,1776.0,0
select_miss,1000,1,300,8891.4,1272.0,0
update_one,1000,1,50,33176.7,62766.4,0
update_key_collision,1000,1,20,20641.7,7056.0,0
delete_one,1000,1,20,26741.7,15896.0,0
insert,1000,2,1000,10777.1,33689.5,1
select_hit,1000,2,300,8950.4,1776.0,0
select_miss,1000,2,300,8276.3,1272.0,0
update_one,1000,2,50,29690.8,62766.4,0
update_key_collision,1000,2,20,19841.7,7056.0,0
delete_one,1000,2,20,19527.1,15896.0,0
insert,1000,3,1000,10065.8,33689.5,1
select_hit,1000,3,300,9314.2,1776.0,0
select_miss,1000,3,300,8643.2,1272.0,0
update_one,1000,3,50,32225.8,62766.4,0
update_key_collision,1000,3,20,20354.2,7056.0,0
delete_one,1000,3,20,20222.9,15896.0,0
insert,1000,4,1000,11020.3,33689.5,1
select_hit,1000,4,300,9316.4,1776.0,0
select_miss,1000,4,300,8804.9,1272.0,0
update_one,1000,4,50,30654.2,62766.4,0
update_key_collision,1000,4,20,20989.6,7056.0,0
delete_one,1000,4,20,20189.6,15896.0,0
insert,1000,5,1000,11611.5,33689.5,1
select_hit,1000,5,300,8995.3,1776.0,0
select_miss,1000,5,300,8372.5,1272.0,0
update_one,1000,5,50,31549.2,62766.4,0
update_key_collision,1000,5,20,20541.7,7056.0,0
delete_one,1000,5,20,20798.0,15896.0,0
insert,5000,1,5000,33024.2,160304.5,12
select_hit,5000,1,300,34783.9,1603.9,0
select_miss,5000,1,300,35397.5,1184.0,0
update_one,5000,1,50,100226.7,287799.4,0
update_key_collision,5000,1,20,49231.3,22904.0,0
delete_one,5000,1,20,44325.0,76080.0,0
insert,5000,2,5000,33054.4,160304.5,12
select_hit,5000,2,300,33394.9,1576.0,0
select_miss,5000,2,300,34796.1,1184.0,0
update_one,5000,2,50,96417.5,287798.4,0
update_key_collision,5000,2,20,58310.5,22904.0,0
delete_one,5000,2,20,50777.1,76080.0,0
insert,5000,3,5000,33617.4,160304.5,12
select_hit,5000,3,300,35071.8,1576.0,0
select_miss,5000,3,300,36278.8,1184.0,0
update_one,5000,3,50,101543.3,287798.4,0
update_key_collision,5000,3,20,42314.6,22904.0,0
delete_one,5000,3,20,43939.6,76080.0,0
insert,5000,4,5000,33603.7,160304.5,12
select_hit,5000,4,300,33433.1,1576.0,0
select_miss,5000,4,300,35836.0,1184.0,0
update_one,5000,4,50,98575.0,287798.4,0
update_key_collision,5000,4,20,44602.1,22904.0,0
delete_one,5000,4,20,44091.7,76080.0,0
insert,5000,5,5000,32343.4,160304.5,12
select_hit,5000,5,300,33497.8,1576.0,0
select_miss,5000,5,300,34874.9,1184.0,0
update_one,5000,5,50,97950.8,287798.4,0
update_key_collision,5000,5,20,44110.5,22904.0,0
delete_one,5000,5,20,43029.2,76080.0,0
