# java=17.0.16,os=Mac OS X,arch=aarch64,flags=[-XX:-UsePerfData, -Xms64m, -Xmx256m]
workload,rows,round,operations,ns_per_op,allocated_bytes_per_op,gc_count_delta
insert,100,1,100,8611.7,4849.4,0
select_hit,100,1,300,5542.1,1776.0,0
select_miss,100,1,300,2638.1,1256.0,0
update_one,100,1,50,22394.2,8846.4,0
update_key_collision,100,1,20,14041.7,3536.0,0
delete_one,100,1,20,14543.8,2272.0,0
insert,100,2,100,14195.0,4849.4,0
select_hit,100,2,300,4156.5,1776.6,0
select_miss,100,2,300,2600.6,1256.0,0
update_one,100,2,50,11461.7,8846.4,0
update_key_collision,100,2,20,10060.4,3536.0,0
delete_one,100,2,20,4487.5,2272.0,0
insert,100,3,100,9160.0,4849.4,0
select_hit,100,3,300,3092.1,1776.0,0
select_miss,100,3,300,2426.8,1256.0,0
update_one,100,3,50,10944.2,8846.4,0
update_key_collision,100,3,20,10202.1,3536.0,0
delete_one,100,3,20,3650.0,2272.0,0
insert,100,4,100,6634.2,4849.4,0
select_hit,100,4,300,3571.4,1776.0,0
select_miss,100,4,300,2563.5,1256.0,0
update_one,100,4,50,9900.8,8846.4,0
update_key_collision,100,4,20,14933.4,3536.0,0
delete_one,100,4,20,4025.0,2272.0,0
insert,100,5,100,5426.7,4849.4,0
select_hit,100,5,300,2795.4,1776.0,0
select_miss,100,5,300,2365.8,1256.0,0
update_one,100,5,50,9900.0,8846.4,0
update_key_collision,100,5,20,8172.9,3536.0,0
delete_one,100,5,20,3581.3,2272.0,0
insert,1000,1,1000,9601.0,33689.5,1
select_hit,1000,1,300,8820.8,1776.0,0
select_miss,1000,1,300,9440.3,1272.0,0
update_one,1000,1,50,30413.3,62766.4,0
update_key_collision,1000,1,20,19550.0,7056.0,0
delete_one,1000,1,20,20004.2,15896.0,0
insert,1000,2,1000,9603.0,33689.5,1
select_hit,1000,2,300,10506.9,1776.0,0
select_miss,1000,2,300,8608.9,1272.0,0
update_one,1000,2,50,30948.3,62766.4,0
update_key_collision,1000,2,20,19604.2,7056.0,0
delete_one,1000,2,20,20585.4,15896.0,0
insert,1000,3,1000,9920.6,33689.5,1
select_hit,1000,3,300,8946.8,1776.0,0
select_miss,1000,3,300,8356.1,1272.0,0
update_one,1000,3,50,31128.3,62766.4,0
update_key_collision,1000,3,20,19491.7,7056.0,0
delete_one,1000,3,20,19737.5,15896.0,0
insert,1000,4,1000,9631.4,33689.5,1
select_hit,1000,4,300,8743.1,1776.0,0
select_miss,1000,4,300,8672.9,1272.0,0
update_one,1000,4,50,30265.8,62766.4,0
update_key_collision,1000,4,20,19997.9,7056.0,0
delete_one,1000,4,20,19852.1,15896.0,0
insert,1000,5,1000,9603.6,33689.5,1
select_hit,1000,5,300,8931.1,1776.0,0
select_miss,1000,5,300,8329.9,1272.0,0
update_one,1000,5,50,29790.0,62766.4,0
update_key_collision,1000,5,20,19412.5,7056.0,0
delete_one,1000,5,20,19406.3,15896.0,0
insert,5000,1,5000,32845.4,160304.5,13
select_hit,5000,1,300,35922.9,1607.7,0
select_miss,5000,1,300,36202.5,1184.0,0
update_one,5000,1,50,103574.2,287798.4,0
update_key_collision,5000,1,20,44589.6,22904.0,0
delete_one,5000,1,20,44627.1,76080.0,0
insert,5000,2,5000,50749.6,160304.5,13
select_hit,5000,2,300,44382.8,1576.0,0
select_miss,5000,2,300,37250.3,1184.0,0
update_one,5000,2,50,99580.8,287798.4,0
update_key_collision,5000,2,20,48683.4,22904.0,0
delete_one,5000,2,20,45273.0,76080.0,0
insert,5000,3,5000,34487.3,160304.5,13
select_hit,5000,3,300,33334.0,1576.0,0
select_miss,5000,3,300,35182.6,1184.0,0
update_one,5000,3,50,95655.0,287798.4,0
update_key_collision,5000,3,20,41825.0,22904.0,0
delete_one,5000,3,20,42410.4,76080.0,0
insert,5000,4,5000,33301.6,160304.5,12
select_hit,5000,4,300,34103.9,1576.0,0
select_miss,5000,4,300,35813.1,1184.0,0
update_one,5000,4,50,115845.0,287798.4,1
update_key_collision,5000,4,20,44656.3,22904.0,0
delete_one,5000,4,20,46331.3,76080.0,0
insert,5000,5,5000,35970.6,160304.5,12
select_hit,5000,5,300,33888.6,1576.0,0
select_miss,5000,5,300,34890.6,1184.0,0
update_one,5000,5,50,111330.8,287798.4,1
update_key_collision,5000,5,20,41622.9,22904.0,0
delete_one,5000,5,20,42585.4,76080.0,0
