# java=17.0.16,os=Mac OS X,arch=aarch64,flags=[-XX:-UsePerfData, -Xms64m, -Xmx256m]
workload,rows,round,operations,ns_per_op,allocated_bytes_per_op,gc_count_delta
insert,100,1,100,9402.5,4849.4,0
select_hit,100,1,300,4626.0,1776.0,0
select_miss,100,1,300,2911.1,1256.0,0
update_one,100,1,50,21424.2,8846.4,0
update_key_collision,100,1,20,10808.4,3536.0,0
delete_one,100,1,20,9875.0,2272.0,0
insert,100,2,100,8781.3,4849.4,0
select_hit,100,2,300,3208.9,1776.0,0
select_miss,100,2,300,2673.9,1256.0,0
update_one,100,2,50,11573.3,8846.4,0
update_key_collision,100,2,20,11116.7,3536.0,0
delete_one,100,2,20,3968.8,2272.0,0
insert,100,3,100,6832.5,4849.4,0
select_hit,100,3,300,3616.1,1776.6,0
select_miss,100,3,300,2745.0,1256.0,0
update_one,100,3,50,10833.3,8846.4,0
update_key_collision,100,3,20,9822.9,3536.0,0
delete_one,100,3,20,3945.9,2272.0,0
insert,100,4,100,5546.7,4849.4,0
select_hit,100,4,300,3193.3,1776.0,0
select_miss,100,4,300,2747.8,1256.0,0
update_one,100,4,50,10693.3,8846.4,0
update_key_collision,100,4,20,10523.0,3536.0,0
delete_one,100,4,20,3979.2,2272.0,0
insert,100,5,100,5342.5,4849.4,0
select_hit,100,5,300,3334.7,1776.0,0
select_miss,100,5,300,2721.8,1256.0,0
update_one,100,5,50,11139.2,8846.4,0
update_key_collision,100,5,20,9360.4,3536.0,0
delete_one,100,5,20,3983.3,2272.0,0
insert,1000,1,1000,19312.7,33769.5,1
select_hit,1000,1,300,9828.6,1776.0,0
select_miss,1000,1,300,9075.8,1272.0,0
update_one,1000,1,50,54322.5,62846.4,0
update_key_collision,1000,1,20,26627.1,7136.0,0
delete_one,1000,1,20,24887.5,15896.0,0
insert,1000,2,1000,17898.3,33769.8,1
select_hit,1000,2,300,10346.4,1791.4,0
select_miss,1000,2,300,9358.5,1272.0,0
update_one,1000,2,50,53587.5,62846.4,0
update_key_collision,1000,2,20,24997.9,7136.0,0
delete_one,1000,2,20,20995.9,15896.0,0
insert,1000,3,1000,18416.8,33769.5,1
select_hit,1000,3,300,11409.0,1776.0,0
select_miss,1000,3,300,13322.2,1272.0,0
update_one,1000,3,50,53437.5,62846.4,0
update_key_collision,1000,3,20,25358.3,7136.0,0
delete_one,1000,3,20,20908.3,15896.0,0
insert,1000,4,1000,17511.3,33769.5,1
select_hit,1000,4,300,9459.3,1776.0,0
select_miss,1000,4,300,8962.5,1272.0,0
update_one,1000,4,50,52162.5,62846.4,0
update_key_collision,1000,4,20,27495.9,7136.0,0
delete_one,1000,4,20,20462.5,15896.0,0
insert,1000,5,1000,17614.3,33769.5,1
select_hit,1000,5,300,9759.6,1776.0,0
select_miss,1000,5,300,8856.5,1272.0,0
update_one,1000,5,50,52204.2,62846.4,0
update_key_collision,1000,5,20,23910.5,7136.0,0
delete_one,1000,5,20,20433.3,15896.0,0
insert,5000,1,5000,38744.6,160248.5,13
select_hit,5000,1,300,43875.0,1607.7,0
select_miss,5000,1,300,49164.7,1184.0,0
update_one,5000,1,50,140270.8,287854.4,0
update_key_collision,5000,1,20,49595.8,22960.0,0
delete_one,5000,1,20,82443.8,76080.0,0
insert,5000,2,5000,41562.3,160248.5,14
select_hit,5000,2,300,36696.4,1576.0,0
select_miss,5000,2,300,37348.6,1184.0,0
update_one,5000,2,50,123344.2,287854.4,0
update_key_collision,5000,2,20,56962.5,22960.0,0
delete_one,5000,2,20,50187.5,76080.0,0
insert,5000,3,5000,37357.4,160248.5,13
select_hit,5000,3,300,35637.2,1576.0,0
select_miss,5000,3,300,37306.0,1184.0,0
update_one,5000,3,50,114465.0,287854.4,0
update_key_collision,5000,3,20,50793.8,22960.0,0
delete_one,5000,3,20,48116.7,76080.0,0
insert,5000,4,5000,35495.7,160248.5,13
select_hit,5000,4,300,34032.2,1576.0,0
select_miss,5000,4,300,38153.8,1184.0,0
update_one,5000,4,50,112395.0,287854.4,0
update_key_collision,5000,4,20,48439.6,22960.0,0
delete_one,5000,4,20,51458.4,76080.0,0
insert,5000,5,5000,36832.7,160248.5,13
select_hit,5000,5,300,34161.4,1576.0,0
select_miss,5000,5,300,36644.0,1184.0,0
update_one,5000,5,50,120895.0,287855.4,1
update_key_collision,5000,5,20,50337.5,22960.0,0
delete_one,5000,5,20,50241.7,76080.0,0
